HUMAN_CONTROL = False

pick_position_list = [
[0.7026929259300232, 0.7008180618286133, 1.197399377822876, -0.016282839700579643, 1.2316861152648926, 1.5247265100479126],
[0.702692985534668, 0.7728180885314941, 1.2635552883148193, -0.017287401482462883, 1.093550443649292, 1.5272510051727295],
[0.7026879787445068, 0.8485190868377686, 1.293171763420105, -0.01839079149067402, 0.9882714152336121, 1.5294269323349],
[0.7026790380477905, 0.9367080330848694, 1.300397276878357, -0.019720042124390602, 0.8928983211517334, 1.5316799879074097],
[0.7026700377464294, 0.9797903299331665, 1.2964304685592651, -0.0203801728785038, 0.8538030982017517, 1.5326865911483765],
[0.7026610374450684, 1.0291134119033813, 1.2870018482208252, -0.021134180948138237, 0.8139259219169617, 1.5337796211242676],
[0.702648937702179, 1.0393494367599487, 1.284458041191101, -0.021292978897690773, 0.806239902973175, 1.5340056419372559],
[0.7026450634002686, 1.0466543436050415, 1.282518744468689, -0.021405823528766632, 0.8008764386177063, 1.5341662168502808],
]

prepick_position_list =[
[0.7026450634002686, 1.0466543436050415, 1.282518744468689, -0.021405823528766632, 0.8008764386177063, 1.5341662168502808],
[0.702648937702179, 1.0393494367599487, 1.284458041191101, -0.021292978897690773, 0.806239902973175, 1.5340056419372559],
[0.7026610374450684, 1.0291134119033813, 1.2870018482208252, -0.021134180948138237, 0.8139259219169617, 1.5337796211242676],
[0.7026700377464294, 0.9797903299331665, 1.2964304685592651, -0.0203801728785038, 0.8538030982017517, 1.5326865911483765],
[0.7026790380477905, 0.9367080330848694, 1.300397276878357, -0.019720042124390602, 0.8928983211517334, 1.5316799879074097],
[0.7026879787445068, 0.8485190868377686, 1.293171763420105, -0.01839079149067402, 0.9882714152336121, 1.5294269323349],
[0.702692985534668, 0.7728180885314941, 1.2635552883148193, -0.017287401482462883, 1.093550443649292, 1.5272510051727295],
[0.7026929259300232, 0.7008180618286133, 1.197399377822876, -0.016282839700579643, 1.2316861152648926, 1.5247265100479126],
]


insert_position_list = [
[0.4292711317539215, 0.5581028461456299, 1.4255695343017578, 0.03305642306804657, 1.1404558420181274, -0.36920467019081116],
[0.42927107214927673, 0.6589332222938538, 1.4976545572280884, 0.03648100793361664, 0.9676443934440613, -0.37611010670661926],
[0.42927098274230957, 0.7432568073272705, 1.5212795734405518, 0.03965411335229874, 0.8597767949104309, -0.38129717111587524],
[0.4292708933353424, 0.8030608296394348, 1.5259512662887573, 0.042076822370290756, 0.7953550219535828, -0.38487544655799866],
[0.4292709231376648, 0.8629513382911682, 1.5229569673538208, 0.04463537409901619, 0.7385224103927612, -0.3884275555610657],
[0.42927098274230957, 0.8865481019020081, 1.5199488401412964, 0.04567679017782211, 0.7179582715034485, -0.3898230493068695],
[0.42927101254463196, 0.8961837291717529, 1.5184452533721924, 0.04610707238316536, 0.7098361253738403, -0.39039239287376404],
[0.42927104234695435, 0.9015454649925232, 1.5175414085388184, 0.04634770378470421, 0.7053837776184082, -0.3907091021537781],
[0.42927104234695435, 0.9056369066238403, 1.516819715499878, 0.04653188958764076, 0.7020182609558105, -0.3909507095813751],
[0.42927104234695435, 0.908474326133728, 1.5163031816482544, 0.046659909188747406, 0.6997002363204956, -0.39111822843551636],
[0.42927107214927673, 0.9112330079078674, 1.5157885551452637, 0.046784594655036926, 0.6974590420722961, -0.3912810683250427],
]

preinsert_position_list = [
[0.42927107214927673, 0.9112330079078674, 1.5157885551452637, 0.046784594655036926, 0.6974590420722961, -0.3912810683250427],
[0.42927104234695435, 0.908474326133728, 1.5163031816482544, 0.046659909188747406, 0.6997002363204956, -0.39111822843551636],
[0.42927104234695435, 0.9056369066238403, 1.516819715499878, 0.04653188958764076, 0.7020182609558105, -0.3909507095813751],
[0.42927104234695435, 0.9015454649925232, 1.5175414085388184, 0.04634770378470421, 0.7053837776184082, -0.3907091021537781],
[0.42927101254463196, 0.8961837291717529, 1.5184452533721924, 0.04610707238316536, 0.7098361253738403, -0.39039239287376404],
[0.42927098274230957, 0.8865481019020081, 1.5199488401412964, 0.04567679017782211, 0.7179582715034485, -0.3898230493068695],
[0.4292709231376648, 0.8629513382911682, 1.5229569673538208, 0.04463537409901619, 0.7385224103927612, -0.3884275555610657],
[0.4292708933353424, 0.8030608296394348, 1.5259512662887573, 0.042076822370290756, 0.7953550219535828, -0.38487544655799866],
[0.42927098274230957, 0.7432568073272705, 1.5212795734405518, 0.03965411335229874, 0.8597767949104309, -0.38129717111587524],
[0.42927107214927673, 0.6589332222938538, 1.4976545572280884, 0.03648100793361664, 0.9676443934440613, -0.37611010670661926],
[0.4292711317539215, 0.5581028461456299, 1.4255695343017578, 0.03305642306804657, 1.1404558420181274, -0.36920467019081116],
]

home = [1.7613059282302856, 0.3948480784893036, 1.6332308053970337, -0.018823960795998573, 1.077940583229065, 1.562406301498413]