home_position = [1.414566993713379, 0.33568114042282104, 1.8443951606750488, -0.11257880926132202, 1.197943091392517, -2.097616672515869]
detection_position = [0.5296348333358765, -0.23294837772846222, 2.1936395168304443, -0.1125798150897026, 0.48323166370391846, -2.097616672515869]
moveTo_memoery_above = []
insert_position=[0.5469690561294556, 1.020809292793274, 1.2796884775161743, 0.027505790814757347, 0.8541673421859741, -1.8251399993896484]



pick_position = [0.726246178150177, 1.018491268157959, 1.3517783880233765, -0.10556681454181671, 0.7094179391860962, 4.743661880493164]
insert_position = [0.42742034792900085, 0.919528603553772, 1.498603343963623, 0.04839030280709267, 0.7281913757324219, 2.7353978157043457]




pick_bottom = [0.7026450634002686, 1.0466543436050415, 1.282518744468689, -0.021405823528766632, 0.8008764386177063, 1.5341662168502808]
pick_1 = [0.702648937702179, 1.0393494367599487, 1.284458041191101, -0.021292978897690773, 0.806239902973175, 1.5340056419372559]
pick_2 = [0.7026610374450684, 1.0291134119033813, 1.2870018482208252, -0.021134180948138237, 0.8139259219169617, 1.5337796211242676]
pick_3 = [0.7026700377464294, 0.9797903299331665, 1.2964304685592651, -0.0203801728785038, 0.8538030982017517, 1.5326865911483765]
pick_4 = [0.7026790380477905, 0.9367080330848694, 1.300397276878357, -0.019720042124390602, 0.8928983211517334, 1.5316799879074097]
pick_5 = [0.7026879787445068, 0.8485190868377686, 1.293171763420105, -0.01839079149067402, 0.9882714152336121, 1.5294269323349]
pick_6 = [0.702692985534668, 0.7728180885314941, 1.2635552883148193, -0.017287401482462883, 1.093550443649292, 1.5272510051727295]
pick_7 = [0.7026929259300232, 0.7008180618286133, 1.197399377822876, -0.016282839700579643, 1.2316861152648926, 1.5247265100479126]

home = [1.7613059282302856, 0.3948480784893036, 1.6332308053970337, -0.018823960795998573, 1.077940583229065, 1.562406301498413]


insert_bottom = [0.42927107214927673, 0.9112330079078674, 1.5157885551452637, 0.046784594655036926, 0.6974590420722961, -0.3912810683250427]
insert_1 = [0.42927104234695435, 0.908474326133728, 1.5163031816482544, 0.046659909188747406, 0.6997002363204956, -0.39111822843551636]
insert_2 = [0.42927104234695435, 0.9056369066238403, 1.516819715499878, 0.04653188958764076, 0.7020182609558105, -0.3909507095813751]
insert_3 = [0.42927104234695435, 0.9015454649925232, 1.5175414085388184, 0.04634770378470421, 0.7053837776184082, -0.3907091021537781]
insert_4 = [0.42927101254463196, 0.8961837291717529, 1.5184452533721924, 0.04610707238316536, 0.7098361253738403, -0.39039239287376404]
insert_5 = [0.42927098274230957, 0.8865481019020081, 1.5199488401412964, 0.04567679017782211, 0.7179582715034485, -0.3898230493068695]
insert_6 = [0.4292709231376648, 0.8629513382911682, 1.5229569673538208, 0.04463537409901619, 0.7385224103927612, -0.3884275555610657]
insert_7 = [0.4292708933353424, 0.8030608296394348, 1.5259512662887573, 0.042076822370290756, 0.7953550219535828, -0.38487544655799866]
insert_8 = [0.42927098274230957, 0.7432568073272705, 1.5212795734405518, 0.03965411335229874, 0.8597767949104309, -0.38129717111587524]
insert_9 = [0.42927107214927673, 0.6589332222938538, 1.4976545572280884, 0.03648100793361664, 0.9676443934440613, -0.37611010670661926]
insert_10 = [0.4292711317539215, 0.5581028461456299, 1.4255695343017578, 0.03305642306804657, 1.1404558420181274, -0.36920467019081116]